0 0.259336 0.178083 0.200537 0.349526
2 0.928751 0.341708 0.142498 0.480016
2 0.342795 0.76282 0.119859 0.395259
2 0.180578 0.88574 0.123248 0.213236
0 0.254331 0.460453 0.247434 0.347496
2 0.105032 0.225116 0.125325 0.436268
2 0.0427984 0.493853 0.0853545 0.328563
0 0.480615 0.364973 0.306487 0.714267
0 0.101495 0.618018 0.141477 0.100022
2 0.728535 0.180472 0.2357 0.318425
3 0.417493 0.228626 0.0584334 0.162705
3 0.496871 0.474748 0.0520393 0.121667
2 0.575878 0.215567 0.136463 0.294922
1 0.17576 0.29157 0.115731 0.323346
1 0.0980203 0.107344 0.0942206 0.207007
1 0.156493 0.210619 0.0529032 0.155006
