0 0.30228 0.179918 0.202588 0.349173
2 0.386811 0.764348 0.11884 0.397877
2 0.950934 0.347784 0.0981318 0.49146
2 0.223775 0.885067 0.123755 0.213562
0 0.297523 0.468125 0.248062 0.327523
2 0.14812 0.225135 0.124612 0.436022
2 0.0642756 0.501123 0.128551 0.338914
0 0.144689 0.617835 0.143746 0.101305
2 0.772754 0.180413 0.238565 0.327004
0 0.52832 0.364761 0.304698 0.716478
2 0.619999 0.215151 0.13769 0.295536
3 0.460074 0.228312 0.0563896 0.163806
3 0.542871 0.474566 0.0526794 0.121221
1 0.141779 0.10819 0.0903341 0.210154
1 0.22042 0.29098 0.11781 0.322855
1 0.0272154 0.736853 0.0535033 0.246807
0 0.0132177 0.143711 0.0262307 0.285952
1 0.202091 0.212176 0.0542655 0.158477
