0 0.347387 0.179894 0.202623 0.349017
2 0.431175 0.763876 0.119236 0.396868
2 0.268177 0.886375 0.123397 0.213548
0 0.342028 0.439505 0.248917 0.389261
2 0.0857622 0.50721 0.171524 0.359682
2 0.190506 0.223366 0.12709 0.43439
0 0.0354878 0.147868 0.0693114 0.289594
0 0.189249 0.618106 0.141438 0.0998682
2 0.818505 0.177312 0.235854 0.301853
1 0.0493014 0.74717 0.0958448 0.252962
2 0.973302 0.299157 0.0532722 0.417197
2 0.663839 0.216589 0.13721 0.294339
3 0.504966 0.228181 0.058477 0.162342
0 0.569081 0.364232 0.304791 0.716297
3 0.584233 0.474598 0.0519274 0.122029
1 0.183551 0.107991 0.0942512 0.209322
1 0.263216 0.291757 0.115067 0.324299
1 0.243609 0.211296 0.0528979 0.156318
