0 0.390481 0.17803 0.200408 0.350029
2 0.474663 0.763872 0.119696 0.394553
2 0.311319 0.885241 0.123356 0.211554
0 0.38496 0.469527 0.24772 0.329171
2 0.236239 0.2251 0.125887 0.436536
0 0.0223333 0.634453 0.0439955 0.160146
0 0.232107 0.617873 0.14387 0.101323
0 0.0755575 0.145081 0.0769119 0.287649
2 0.108526 0.502355 0.214047 0.349018
1 0.0774315 0.745838 0.129897 0.245441
2 0.860942 0.177553 0.238943 0.305549
0 0.611104 0.365299 0.291942 0.715842
0 0.0352746 0.484334 0.0705294 0.138487
3 0.63053 0.474492 0.0534616 0.121308
3 0.547251 0.228634 0.0563443 0.164016
1 0.229244 0.108122 0.0897149 0.209627
1 0.308151 0.290619 0.118617 0.323014
1 0.02325 0.0950427 0.0465001 0.177896
2 0.707872 0.214645 0.13758 0.297344
1 0.306143 0.329815 0.11407 0.232809
1 0.289217 0.212094 0.0535155 0.15883
