0 0.434312 0.178127 0.200714 0.349667
2 0.517769 0.762751 0.119911 0.395434
2 0.355559 0.885509 0.12326 0.21266
0 0.045923 0.634492 0.0848243 0.158988
0 0.429286 0.460045 0.247493 0.348272
0 0.0574173 0.484594 0.112652 0.137222
2 0.280272 0.225115 0.125246 0.436117
0 0.12017 0.150054 0.0752012 0.2945
0 0.655688 0.365013 0.306434 0.714256
0 0.276485 0.618041 0.141517 0.0999762
2 0.134368 0.502016 0.249852 0.351341
1 0.0459449 0.0865284 0.0899092 0.173057
1 0.121572 0.748358 0.126535 0.243883
3 0.59249 0.228752 0.0584829 0.162868
3 0.671937 0.474689 0.0522634 0.121748
2 0.894846 0.184546 0.210199 0.314208
2 0.750851 0.215613 0.136524 0.294835
1 0.27131 0.10821 0.0941067 0.209719
1 0.35059 0.291694 0.115336 0.322955
2 0.0245704 0.73483 0.0486542 0.497118
2 0.0161345 0.349654 0.0320743 0.169562
1 0.331264 0.210618 0.0525343 0.154676
