0 0.477259 0.179924 0.202736 0.349377
0 0.0902284 0.634666 0.0842412 0.158351
2 0.561811 0.764306 0.118815 0.398045
2 0.398765 0.88496 0.123715 0.21321
2 0.0375484 0.3409 0.0740277 0.184342
0 0.471975 0.471406 0.249244 0.324673
2 0.323138 0.22519 0.124517 0.435909
1 0.165 0.745317 0.127654 0.246252
1 0.0892983 0.0863758 0.0869176 0.171249
2 0.0456057 0.721606 0.0907064 0.535639
0 0.163482 0.145389 0.0761933 0.287979
0 0.319678 0.617827 0.143765 0.101312
0 0.0826049 0.483724 0.153204 0.137155
0 0.703251 0.364803 0.30454 0.716444
2 0.177819 0.503114 0.248995 0.351328
2 0.795035 0.21518 0.137772 0.295573
3 0.635048 0.228531 0.056428 0.164061
3 0.717951 0.474573 0.0529116 0.121219
1 0.316834 0.108074 0.0903315 0.209949
1 0.0280816 0.61021 0.0558452 0.188597
1 0.395414 0.290815 0.117881 0.322702
2 0.914762 0.194611 0.170477 0.295064
0 0.0198441 0.48635 0.0373351 0.197095
1 0.37729 0.212357 0.0546794 0.158993
2 0.27256 0.414859 0.0627445 0.165144
