0 0.0979998 0.615248 0.130685 0.226838
0 0.268543 0.209677 0.24249 0.413356
0 0.103107 0.359975 0.0913171 0.154268
1 0.652391 0.908544 0.0941541 0.172661
1 0.813205 0.606655 0.104426 0.221373
1 0.641269 0.643544 0.0907737 0.169315
1 0.926142 0.775672 0.147717 0.272756
3 0.419336 0.0826945 0.0646054 0.165389
3 0.18853 0.766949 0.0534804 0.168238
2 0.953802 0.213849 0.0912422 0.162286
1 0.885605 0.196511 0.103674 0.197304
0 0.0208359 0.76136 0.0408189 0.268251
2 0.87277 0.247869 0.248848 0.488947
1 0.421344 0.495516 0.131207 0.236276
2 0.690048 0.210477 0.184044 0.306211
0 0.0121208 0.202901 0.0238227 0.10451
1 0.41984 0.198151 0.0931174 0.235068
2 0.888641 0.295033 0.211476 0.395419
2 0.946839 0.102173 0.105763 0.204346
0 0.33498 0.213756 0.133583 0.357149
2 0.854851 0.182153 0.225186 0.355164
