0 0.142235 0.614622 0.130319 0.227836
0 0.311289 0.209585 0.240324 0.413364
0 0.146784 0.359689 0.0922914 0.156152
0 0.0426893 0.754117 0.0853054 0.306621
0 0.0339023 0.197962 0.0678046 0.111641
1 0.695947 0.90906 0.0933313 0.17224
1 0.856541 0.606698 0.104896 0.223677
1 0.685528 0.643031 0.0910519 0.170997
1 0.947557 0.767178 0.104628 0.26077
3 0.232989 0.766718 0.0543105 0.162309
2 0.892403 0.249852 0.213474 0.490845
1 0.927428 0.196245 0.101379 0.197378
3 0.462757 0.0839847 0.0631353 0.167969
1 0.464288 0.495147 0.130551 0.234912
2 0.758041 0.212846 0.234552 0.311307
1 0.461547 0.206636 0.0976174 0.259016
2 0.97592 0.192909 0.047551 0.200298
3 0.856014 0.378501 0.0588097 0.213
0 0.366029 0.214362 0.157437 0.356927
1 0.968623 0.106915 0.0627541 0.21383
