0 0.18473 0.614831 0.130304 0.22692
0 0.0644479 0.750242 0.128896 0.300651
0 0.353215 0.209044 0.243829 0.413129
0 0.19057 0.360031 0.0912568 0.154203
0 0.0561648 0.198429 0.109579 0.114844
1 0.739808 0.908382 0.0942188 0.172899
1 0.900657 0.606673 0.10448 0.221459
2 0.914512 0.247731 0.170976 0.48865
1 0.508476 0.494937 0.130549 0.234667
1 0.728756 0.643991 0.0905785 0.169101
1 0.96908 0.769105 0.0613693 0.265737
3 0.276241 0.766819 0.0533421 0.168812
3 0.507112 0.0826603 0.0647236 0.165321
1 0.960491 0.19635 0.0782959 0.19584
1 0.507704 0.200161 0.0926254 0.237962
2 0.802498 0.210982 0.237098 0.308209
2 0.764399 0.21062 0.160681 0.308417
0 0.415668 0.210536 0.147105 0.364261
