0 0.229135 0.615233 0.130182 0.227466
0 0.0872468 0.748868 0.172349 0.300867
0 0.398066 0.208799 0.243787 0.413193
0 0.234334 0.359704 0.0924278 0.156042
0 0.07795 0.198785 0.155223 0.115736
1 0.78346 0.90907 0.0932467 0.172075
1 0.943465 0.60719 0.103674 0.220742
1 0.772983 0.644129 0.0909713 0.173769
3 0.320291 0.766629 0.0542037 0.16208
2 0.936154 0.241643 0.127692 0.47913
3 0.550104 0.0834109 0.063291 0.166822
1 0.552093 0.492211 0.131947 0.230083
1 0.981881 0.197284 0.0362379 0.196598
1 0.548282 0.207901 0.098069 0.262556
2 0.855883 0.212499 0.258129 0.311057
2 0.959154 0.253663 0.0816912 0.483247
2 0.958403 0.368604 0.0831938 0.253464
0 0.471395 0.212489 0.166431 0.359329
2 0.813017 0.21109 0.171333 0.308544
1 0.991575 0.705041 0.0168497 0.227926
