0 0.273101 0.615211 0.130455 0.22676
0 0.118611 0.749958 0.196479 0.30107
0 0.44351 0.20964 0.242537 0.413325
0 0.278061 0.359948 0.0914032 0.154306
1 0.827367 0.908481 0.0941487 0.172618
1 0.967919 0.605835 0.0641626 0.219258
1 0.816251 0.643553 0.0907438 0.169134
2 0.958585 0.20755 0.0828302 0.368548
0 0.12083 0.199055 0.162952 0.116289
3 0.59436 0.0825623 0.0645887 0.165125
3 0.363535 0.766864 0.053548 0.168473
2 0.884367 0.210217 0.222363 0.305618
1 0.596344 0.495464 0.131197 0.236167
1 0.595152 0.197294 0.0924845 0.232822
2 0.979482 0.400652 0.040926 0.257681
0 0.509829 0.213733 0.133434 0.357217
