0 0.317193 0.614658 0.130268 0.227581
0 0.161857 0.749596 0.197427 0.30155
0 0.486267 0.209558 0.240336 0.413437
0 0.321771 0.359657 0.0923081 0.156101
1 0.870953 0.908985 0.0933346 0.172118
0 0.163088 0.198855 0.159774 0.115462
2 0.907577 0.213831 0.183618 0.312053
1 0.860591 0.643257 0.0912079 0.170055
3 0.407988 0.766643 0.0543301 0.162398
3 0.637788 0.0839446 0.0631315 0.167889
1 0.639325 0.494985 0.130573 0.234631
1 0.636628 0.206368 0.0974915 0.257614
2 0.978708 0.168139 0.0422544 0.29893
1 0.990042 0.58564 0.0199163 0.164899
0 0.540803 0.214406 0.156275 0.356917
